Placement:Rock 1
-4.98,-3.73,-12.81|1,1,1|0,-119,0|0,0,0|XYZ
25.3,-3.72,23.11|0.807,0.807,0.807|0,-106,0|0,0,0|XYZ
15.74,-4,-3.24|1.223,1.223,1.223|0,42,0|0,0,0|XYZ
Placement:Rock 2
25.56,-3.79,20.99|0.452,0.452,0.452|0,0,0|0,0,0|XYZ
25.54,-3.8,21.5|0.301,0.301,0.301|0,66,0|0,0,0|XYZ
12.8,-4,-2.59|1,1,1|0,0,0|0,0,0|XYZ
Placement:Rock 3
-4.35,-3.51,-8.6|0.896,0.896,0.896|0,4,0|0,0,0|XYZ
-2.49,-3.51,-8.37|0.656,0.656,0.656|0,-31,0|0,0,0|XYZ
25.83,-3.36,-5.59|1,1,1|0,-138,0|0,0,0|XYZ
-2.05,-4,-27.48|0.392,0.392,0.392|0,63,0|0,0,0|XYZ
-2.3,-3.31,23.12|1,1,1|0,0,0|0,0,0|XYZ
-17.45,-3.81,24.08|1,1,1|0,20,0|0,0,0|XYZ
Placement:Rock 4
-6.62,-3.84,-4.42|1,1,1|0,0,0|0,0,0|XYZ
-6.03,-3.81,-4.02|0.782,0.782,0.782|0,-55,0|0,0,0|XYZ
-14.5,-3.45,-7.29|1,1,1|0,0,0|0,0,0|XYZ
-14.79,-3.39,-8.09|1.092,1.092,1.092|0,98,0|0,0,0|XYZ
-19.48,-3.42,-24.08|1,1,1|0,80,0|0,0,0|XYZ
16.87,-3.19,17.68|1,1,1|0,0,0|0,0,0|XYZ
24.69,-3.27,-5.2|1,1,1|0,-49,0|0,0,0|XYZ
-2.21,-4,-28.03|1,1,1|0,0,0|0,0,0|XYZ
-1.72,-3.44,14.88|1,1,1|0,0,0|0,0,0|XYZ
-3.15,-3.42,14.95|1,1,1|0,0,0|0,0,0|XYZ
-8.99,-3.31,21.06|1,1,1|0,0,0|0,0,0|XYZ
-8.62,-3.63,24.6|1,1,1|0,0,0|0,0,0|XYZ
Placement:Rock 5
-5.19,-3.49,-9.58|0.813,0.813,0.813|0,-50,0|0,0,0|XYZ
9.56,-3.98,24.04|0.806,0.806,0.806|0,-126,0|0,0,0|XYZ
21.03,-3.9,23.51|0.432,0.432,0.432|0,128,0|0,0,0|XYZ
13.85,-4,-2.81|0.573,0.573,0.573|0,-114,0|0,0,0|XYZ
-0.14,-3.97,-30.1|0.301,0.301,0.301|0,-107,0|0,0,0|XYZ
3.26,-4,-26.56|0.301,0.301,0.301|0,-107,0|0,0,0|XYZ
-0.6,-3.42,16.66|1,1,1|0,-53,0|0,0,0|XYZ
-18.38,-3.59,25.07|1,1,1|0,-16,0|0,0,0|XYZ
Placement:Rock 6
-20.05,-4,-18.24|1,1,1|0,0,0|0,0,0|XYZ
-8.38,-3.39,22.94|1,1,1|0,73,0|0,0,0|XYZ
2.19,-4,11.91|0.713,0.713,0.713|0,50,0|0,0,0|XYZ
6.05,-4,10.5|1.009,1.009,1.009|0,-46,0|0,0,0|XYZ
-20.45,-3.22,8.09|0.365,0.365,0.365|0,0,0|0,0,0|XYZ
-19.68,-3.22,10.55|0.365,0.365,0.365|0,0,0|0,0,0|XYZ
Placement:Rock 7
-19.89,-3.39,-23.29|1,1,1|0,0,0|0,0,0|XYZ
16.23,-3.17,17.25|1,1,1|0,0,0|0,0,0|XYZ
20.85,-3.64,5.87|1,1,1|0,0,0|0,0,0|XYZ
17.44,-3.43,5.69|1,1,1|0,0,0|0,0,0|XYZ
23.53,-3.22,-5.18|1,1,1|0,52,0|0,0,0|XYZ
5.05,-3.89,-18.74|1,1,1|0,0,0|0,0,0|XYZ
13.29,-3.72,-17.99|1,1,1|0,0,0|0,0,0|XYZ
2.44,-4,-26.1|0.181,0.181,0.181|0,0,0|0,0,0|XYZ
-0.89,-3.95,-29.73|0.181,0.181,0.181|0,0,0|0,0,0|XYZ
9.36,-3.2,32.25|0.677,0.677,0.677|0,0,0|0,0,0|XYZ
7.99,-3.13,32.15|0.677,0.677,0.677|0,0,0|0,0,0|XYZ
6.76,-3.17,32.13|0.677,0.677,0.677|0,0,0|0,0,0|XYZ
Placement:cobble1
19.09,-3.9,5.84|0.717,0.717,0.717|0,-78,0|0,0,0|XYZ
9.44,-3.7,31.04|0.602,0.602,0.602|0,-90,0|0,0,0|XYZ
-35.11,-3.19,-0.32|0.566,0.566,0.566|0,0,0|0,0,0|XYZ
Placement:cobble2
16.11,-3.12,18.23|0.557,0.557,0.557|0,78,0|0,0,0|XYZ
24.5,-3.9,20.54|0.536,0.536,0.536|0,-251,0|0,0,0|XYZ
12.45,-3.99,-3.97|0.27,0.27,0.27|0,0,0|0,0,0|XYZ
-2.28,-3.31,23.08|1,1,1|0,0,0|0,0,0|XYZ
Placement:cobble3
24.2,-3.84,22.62|1,1,1|0,0,0|0,0,0|XYZ
4.02,-4,21.29|1,1,1|0,0,0|0,0,0|XYZ
Placement:cobble4
-18.42,-3.22,-21.75|0.489,0.489,0.489|0,68,0|0,0,0|XYZ
-19.8,-3.25,9.73|0.315,0.315,0.315|0,-48,0|0,0,0|XYZ
Placement:cobble5
3.12,-3.96,-4.72|0.38,0.38,0.38|0,-93,0|0,0,0|XYZ
9.27,-3.41,-16.92|0.655,0.655,0.655|0,25,0|0,0,0|XYZ
Placement:cobble6
-13.15,-3.27,-0.73|0.794,0.794,0.794|0,64,0|0,0,0|XYZ
-14.95,-3.31,-0.69|0.794,0.794,0.794|0,64,0|0,0,0|XYZ
-7.2,-3.4,-0.55|0.794,0.794,0.794|0,64,0|0,0,0|XYZ
-6.51,-4,-27.98|0.794,0.794,0.794|0,64,0|0,0,0|XYZ
3.24,-4,22.66|1,1,1|0,0,0|0,0,0|XYZ
-3.07,-3.31,-20.65|1.427,1.427,1.427|0,0,0|0,0,0|XYZ
Placement:cobble7
-9.06,-3.22,-0.98|0.617,0.617,0.617|0,-87,0|0,0,0|XYZ
-7.56,-4,-26.96|0.617,0.617,0.617|0,-87,0|0,0,0|XYZ
-5.32,-4,-26.82|0.617,0.617,0.617|0,-87,0|0,0,0|XYZ
4.33,-4,12.35|1,1,1|0,0,0|0,0,0|XYZ
Placement:cobble8
4.19,-4,-0.77|0.447,0.447,0.447|0,-91,0|0,0,0|XYZ
22.63,-3.76,24.72|0.653,0.653,0.653|0,0,0|0,0,0|XYZ
-20.94,-3.02,22.01|0.612,0.612,0.612|0,-35,0|0,0,0|XYZ
Placement:cobbleBundle1
6.46,-4,-1.75|0.407,0.407,0.407|0,-369,0|0,0,0|XYZ
1.23,-3.9,-5.58|0.279,0.279,0.279|0,-546,0|0,0,0|XYZ
-7.23,-4,-5.8|0.279,0.279,0.279|0,-546,0|0,0,0|XYZ
-3.87,-3.53,-9.62|0.464,0.464,0.464|0,-159,0|0,0,0|XYZ
12.36,-3.34,19.49|0.524,0.524,0.524|0,-56,0|0,0,0|XYZ
19.41,-3.9,0.75|0.419,0.419,0.419|0,50,0|0,0,0|XYZ
22.72,-3.07,-8.32|0.399,0.399,0.399|0,-78,0|0,0,0|XYZ
0.99,-4,-29.37|0.201,0.201,0.201|0,0,0|0,0,0|XYZ
3.51,-4,-27.91|0.201,0.201,0.201|0,0,0|0,0,0|XYZ
-0.11,-4,-25.85|0.201,0.201,0.201|0,-52,0|0,0,0|XYZ
7.04,-4,22.8|0.458,0.458,0.458|0,0,0|0,0,0|XYZ
3.3,-4,18.43|0.458,0.458,0.458|0,-285,0|0,0,0|XYZ
-34.66,-3.58,-4.16|0.748,0.748,0.748|0,0,0|0,0,0|XYZ
Placement:cobbleBundle2
-3.8,-4,2.38|0.362,0.362,0.362|0,-6,0|0,0,0|XYZ
-0.25,-4,3.22|0.362,0.362,0.362|0,-123,0|0,0,0|XYZ
-3.34,-4,-4.96|0.199,0.199,0.199|0,-6,0|0,0,0|XYZ
-9.08,-4,-7.33|0.362,0.362,0.362|0,-6,0|0,0,0|XYZ
-17.99,-3.22,-23.7|0.362,0.362,0.362|0,-6,0|0,0,0|XYZ
13.41,-3.12,21.99|0.354,0.354,0.354|0,0,0|0,0,0|XYZ
22.2,-4,20.49|0.35,0.35,0.35|0,46,0|0,0,0|XYZ
18.43,-4,10.96|0.512,0.512,0.512|0,42,0|0,0,0|XYZ
20.22,-3.22,-10.61|0.418,0.418,0.418|0,73,0|0,0,0|XYZ
19.17,-3.28,-8.17|0.418,0.418,0.418|0,73,0|0,0,0|XYZ
-1.33,-4,-25.27|0.096,0.096,0.096|0,0,0|0,0,0|XYZ
-0.87,-4,-24.46|0.096,0.096,0.096|0,-69,0|0,0,0|XYZ
-32.42,-3.2,-0.76|0.501,0.501,0.501|0,0,0|0,0,0|XYZ
Placement:cobbleBundle3
-4.3,-4,-3.23|0.255,0.255,0.255|0,91,0|0,0,0|XYZ
20.38,-3.86,25.83|0.463,0.463,0.463|0,-189,0|0,0,0|XYZ
19.72,-3.8,2.91|0.184,0.184,0.184|0,0,0|0,0,0|XYZ
19.08,-3.8,3.85|0.184,0.184,0.184|0,-67,0|0,0,0|XYZ
19.57,-3.87,7.35|0.184,0.184,0.184|0,-67,0|0,0,0|XYZ
-0.28,-4,-28.24|0.265,0.265,0.265|0,-121,0|0,0,0|XYZ
3.39,-4,26.91|0.582,0.582,0.582|0,20,0|0,0,0|XYZ
6.55,-4,26.67|0.293,0.293,0.293|0,0,0|0,0,0|XYZ
16.16,-4,27.49|0.293,0.293,0.293|0,0,0|0,0,0|XYZ
Placement:Cube
Placement:Candle
-3.81,-3.41,-9.65|0.171,0.171,0.171|0,229,0|0,0,0|XYZ
16.09,-3,18.29|0.171,0.171,0.171|0,229,0|0,0,0|XYZ
15.9,-3.15,2.99|0.171,0.171,0.171|0,229,0|0,0,0|XYZ
12.5,-3.93,-3.96|0.171,0.171,0.171|0,229,0|0,0,0|XYZ
1.46,-4,-28.22|0.171,0.171,0.171|0,229,0|0,0,0|XYZ
-26.6,-2.77,-12.29|0.171,0.171,0.171|0,229,0|0,0,0|XYZ
-19.72,-3.17,9.76|0.171,0.171,0.171|0,229,0|0,0,0|XYZ
-31.77,-2.9,11.96|0.171,0.171,0.171|0,229,0|0,0,0|XYZ
-2.98,-3.1,22.54|0.171,0.171,0.171|0,229,0|0,0,0|XYZ
Placement:Gravestone 1
-9.14,-3.24,-0.39|0.292,0.292,0.292|0,0,0|0,0,0|XYZ
-15.16,-3.22,-21.88|0.299,0.299,0.299|0,-22,0|0,0,0|XYZ
14.51,-3.03,20.43|0.299,0.299,0.299|0,51,0|0,0,0|XYZ
20.56,-3.12,-12.72|0.229,0.229,0.229|0,178,0|0,0,0|XYZ
21.91,-3.1,-8.32|0.229,0.229,0.229|0,135,0|0,0,0|XYZ
9.31,-3.39,-18.12|0.229,0.229,0.229|0,178,0|0,0,0|XYZ
-6.45,-4,-28.38|0.292,0.292,0.292|0,0,0|0,0,0|XYZ
-21.49,-3.02,21.61|0.292,0.292,0.292|0,-126,0|0,0,0|XYZ
-35.62,-3.12,-0.23|0.292,0.292,0.292|0,-83,0|0,0,0|XYZ
Placement:Gravestone 2
24.46,-3.72,22.67|0.251,0.251,0.251|0,73,0|0,0,0|XYZ
Placement:Gravestone 3
-13.14,-3.31,-0.34|0.252,0.252,0.252|0,-2,0|0,0,0|XYZ
-14.95,-3.31,-0.34|0.252,0.252,0.252|0,-2,0|0,0,0|XYZ
-7.21,-3.41,-0.14|0.252,0.252,0.252|0,-2,0|0,0,0|XYZ
15.38,-3.09,19.85|0.252,0.252,0.252|0,-2,0|0,0,0|XYZ
23.33,-3.99,18.94|0.252,0.252,0.252|0,-37,0|0,0,0|XYZ
24.9,-3.87,20.35|0.252,0.252,0.252|0,-62,0|0,0,0|XYZ
-7.59,-4,-27.41|0.252,0.252,0.252|0,-2,0|0,0,0|XYZ
-5.32,-4,-27.35|0.252,0.252,0.252|0,-2,0|0,0,0|XYZ
9.38,-3.46,31.79|0.252,0.252,0.252|0,-2,0|0,0,0|XYZ
7.95,-3.45,31.71|0.252,0.252,0.252|0,-2,0|0,0,0|XYZ
6.68,-3.44,31.68|0.252,0.252,0.252|0,-2,0|0,0,0|XYZ
-36.03,-3.3,-2.07|0.312,0.312,0.312|0,-103,0|0,0,0|XYZ
Placement:Cross
0.1,-3.25,-1.84|1,1,1|0,-29,0|0,0,0|XYZ
15.78,-3.31,3.11|0.548,0.548,0.548|0,49,0|0,0,0|XYZ
1.78,-4,-29.09|0.348,0.348,0.348|0,76,0|0,0,0|XYZ
-0.55,-4,-29.34|0.348,0.348,0.348|0,113,0|0,0,0|XYZ
0.37,-4,-27.99|0.255,0.255,0.255|0,51,0|0,0,0|XYZ
2.21,-4,-27.75|0.255,0.255,0.255|0,51,0|0,0,0|XYZ
Placement:Fire place
4.19,-4,12.45|0.623,0.623,0.623|0,-48,0|0,0,0|XYZ
-3.05,-2.96,-20.52|0.623,0.623,0.623|0,-48,0|0,0,0|XYZ
Placement:Pillar
-0.77,-3.91,-5.44|0.295,0.295,0.295|0,15,0|0,0,0|XYZ
1.2,-3.96,1.71|0.277,0.277,0.277|0,17,0|0,0,0|XYZ
-3.6,-3.92,-0.9|0.277,0.277,0.277|0,17,0|0,0,0|XYZ
4.24,-3.99,-3.04|0.277,0.277,0.277|0,17,0|0,0,0|XYZ
10.73,-3.86,25.3|0.187,0.187,0.187|0,45,0|0,0,0|XYZ
12.19,-3.96,26.57|0.187,0.187,0.187|0,67,0|0,0,0|XYZ
14.25,-3.89,26.42|0.187,0.187,0.187|0,88,0|0,0,0|XYZ
16.02,-3.98,26.38|0.187,0.187,0.187|0,91,0|0,0,0|XYZ
5.75,-3.59,31.3|0.187,0.187,0.187|0,94,0|0,0,0|XYZ
23.81,-3.9,18.55|0.187,0.187,0.187|0,91,0|0,0,0|XYZ
20.2,-3.88,17.91|0.114,0.114,0.114|0,91,0|0,0,0|XYZ
20.13,-3.85,19.53|0.114,0.114,0.114|0,91,0|0,0,0|XYZ
20.27,-3.95,20.77|0.114,0.114,0.114|0,91,0|0,0,0|XYZ
20.29,-4,22.91|0.114,0.114,0.114|0,91,0|0,0,0|XYZ
20.72,-3.76,1.06|0.289,0.289,0.289|0,-3,0|0,0,0|XYZ
17.79,-3.78,0.93|0.289,0.289,0.289|0,-3,0|0,0,0|XYZ
23.29,-3.05,-6.84|0.148,0.148,0.148|0,0,0|0,0,0|XYZ
21.49,-3.12,-10.2|0.148,0.148,0.148|0,0,0|0,0,0|XYZ
18.38,-3.34,-11.48|0.148,0.148,0.148|0,-58,0|0,0,0|XYZ
21.53,-3.36,-12.76|0.148,0.148,0.148|0,-58,0|0,0,0|XYZ
-5.83,-3.52,14.45|0.266,0.266,0.266|0,0,0|0,0,0|XYZ
-5.02,-3.4,24.44|0.266,0.266,0.266|0,0,0|0,0,0|XYZ
10.22,-3.61,31.13|0.187,0.187,0.187|0,94,0|0,0,0|XYZ
2.82,-4,12.94|0.119,0.119,0.119|0,115,0|0,0,0|XYZ
3.32,-4,13.66|0.119,0.119,0.119|0,135,0|0,0,0|XYZ
5.86,-3.99,12.2|0.119,0.119,0.119|0,108,0|0,0,0|XYZ
5.71,-3.96,13.22|0.119,0.119,0.119|0,54,0|0,0,0|XYZ
-5.31,-3.44,-21.63|0.115,0.115,0.115|0,-2,0|0,0,0|XYZ
-5.12,-3.41,-19.09|0.115,0.115,0.115|0,-2,0|0,0,0|XYZ
-1,-3.49,-21.89|0.115,0.115,0.115|0,-2,0|0,0,0|XYZ
-1.16,-3.46,-19.07|0.115,0.115,0.115|0,-2,0|0,0,0|XYZ
-26.59,-3.88,-10.69|0.131,0.131,0.131|0,-87,0|0,0,0|XYZ
-26.63,-3.82,-12.29|0.131,0.131,0.131|0,-87,0|0,0,0|XYZ
-26.68,-3.77,-14|0.131,0.131,0.131|0,-87,0|0,0,0|XYZ
-26.73,-3.76,-15.73|0.131,0.131,0.131|0,-87,0|0,0,0|XYZ
-26.59,1.12,-10.69|0.131,0.131,0.131|0,-87,0|0,0,0|XYZ
-30.42,-4,13.94|0.131,0.131,0.131|0,-59,0|0,0,0|XYZ
-31.74,-3.95,11.95|0.131,0.131,0.131|0,-59,0|0,0,0|XYZ
-33.01,-3.9,10.04|0.131,0.131,0.131|0,-59,0|0,0,0|XYZ
-34.3,-3.75,8.27|0.131,0.131,0.131|0,-59,0|0,0,0|XYZ
Placement:Starting zone
0.21,-4,-1.8|0.558,0.558,0.558|0,-29,0|0,0,0|XYZ
Placement:LudumDare_Wall_Des01_V01.obj
-20,-3.53,-20.89|0.526,0.526,0.526|0,-2,0|0,0,0|XYZ
9.23,-3.95,21.58|0.526,0.526,0.526|0,-2,0|0,0,0|XYZ
20.68,-3.63,3.4|0.526,0.526,0.526|0,-2,0|0,0,0|XYZ
17.77,-3.46,3.24|0.526,0.526,0.526|0,-2,0|0,0,0|XYZ
5.93,-4,-12.33|0.526,0.526,0.526|0,-2,0|0,0,0|XYZ
5.73,-3.61,-5.68|0.526,0.526,0.526|0,-2,0|0,0,0|XYZ
-16.26,-3.94,-29.06|0.475,0.475,0.475|0,-90,0|0,0,0|XYZ
-10.72,-4,-28.82|0.475,0.475,0.475|0,-108,0|0,0,0|XYZ
11.61,-3.38,32.09|0.526,0.526,0.526|0,-2,0|0,0,0|XYZ
4.33,-3.31,31.96|0.526,0.526,0.526|0,-2,0|0,0,0|XYZ
-36.6,-3,-1.06|0.475,0.475,0.475|0,-176,0|0,0,0|XYZ
-31.91,-3.72,-6.05|0.475,0.475,0.475|0,-264,0|0,0,0|XYZ
-30.65,-3.9,3.92|0.475,0.475,0.475|0,-268,0|0,0,0|XYZ
-31.16,-3.97,12.93|0.279,0.279,0.279|0,37,0|0,0,0|XYZ
-32.46,-3.91,10.96|0.279,0.279,0.279|0,37,0|0,0,0|XYZ
-33.68,-3.87,9.1|0.279,0.279,0.279|0,37,0|0,0,0|XYZ
Placement:LudumDare_Wall_FlatOneSide_Des01_V01.obj
Placement:LudumDare_Wall_FlatSides_Des01_V01.obj
Placement:LudumDare_Wall_LShapeLeft_Des01_V01.obj
-7.86,-3.51,1|0.586,0.586,0.586|0,89,0|0,0,0|XYZ
21.44,-3.04,-8.17|0.365,0.365,0.365|0,0,0|0,0,0|XYZ
19.23,-3.48,-13.29|0.365,0.365,0.365|0,-73,0|0,0,0|XYZ
5.54,-3.8,-16.08|0.586,0.586,0.586|0,89,0|0,0,0|XYZ
-2.05,-3.43,24.59|0.586,0.586,0.586|0,89,0|0,0,0|XYZ
-8.91,-3.59,14.35|0.586,0.586,0.586|0,-91,0|0,0,0|XYZ
Placement:LudumDare_Wall_LShapeRight_Des01_V01.obj
-14.51,-3.41,0.84|0.534,0.534,0.534|0,89,0|0,0,0|XYZ
21.13,-4,20.2|0.685,0.685,0.685|0,0,0|0,0,0|XYZ
12.63,-3.43,-15.92|0.534,0.534,0.534|0,89,0|0,0,0|XYZ
-21,-3.47,12.81|0.534,0.534,0.534|0,89,0|0,0,0|XYZ
-14.11,-3.9,23.29|0.534,0.534,0.534|0,89,0|0,0,0|XYZ
Placement:treeDead
-13.16,-3.51,-7.59|0.323,0.323,0.323|0,-612,0|0,0,0|XYZ
8.24,-3.42,15.55|0.233,0.233,0.233|0,-226,0|0,0,0|XYZ
21.91,-3.25,4.67|0.421,0.421,0.421|0,83,0|0,0,0|XYZ
13.07,-3.91,-4.96|0.447,0.447,0.447|0,-11,0|0,0,0|XYZ
-5.64,-3.08,19.21|0.49,0.49,0.49|0,0,0|0,0,0|XYZ
-20.78,-3.22,9.02|0.371,0.371,0.371|0,-91,0|0,0,0|XYZ
Placement:treeLeaf
-3.89,-3.75,5.41|0.398,0.398,0.398|0,36,0|0,0,0|XYZ
-15.41,-3.12,-23.72|0.398,0.398,0.398|0,36,0|0,0,0|XYZ
14.79,-3.16,18.93|0.398,0.398,0.398|0,-130,0|0,0,0|XYZ
7.84,-3.67,-20.16|0.578,0.578,0.578|0,51,0|0,0,0|XYZ
-23.59,-3.02,20.86|0.503,0.503,0.503|0,99,0|0,0,0|XYZ
-25.76,-4,-7.86|0.503,0.503,0.503|0,-82,0|0,0,0|XYZ
Placement:TreeLeaf3
2.71,-3.01,32.19|1,1,1|0,0,0|0,0,0|XYZ
15.94,-3.22,4.73|0.594,0.594,0.594|0,-53,0|0,0,0|XYZ
22.5,-3.12,-8.03|1,1,1|0,0,0|0,0,0|XYZ
22.08,-3.93,-15.15|0.988,0.988,0.988|0,79,0|0,0,0|XYZ
0.57,-4,27.22|1,1,1|0,0,0|0,0,0|XYZ
-13.1,-4,14.14|1,1,1|0,0,0|0,0,0|XYZ
-28.43,-4,15.03|1,1,1|0,0,0|0,0,0|XYZ
-25.62,-4,7.04|1,1,1|0,0,0|0,0,0|XYZ
-35.12,-3.28,1.82|1.308,1.308,1.308|0,84,0|0,0,0|XYZ
-19.52,-3.89,-8.06|1.308,1.308,1.308|0,84,0|0,0,0|XYZ
-14.78,-4,22.05|1.308,1.308,1.308|0,84,0|0,0,0|XYZ
-10.49,-4,11.89|1,1,1|0,0,0|0,0,0|XYZ
Placement:TreeLeaf4
-18.22,-3.41,-24.8|1,1,1|0,-37,0|0,0,0|XYZ
7.5,-3.92,18.3|1,1,1|0,0,0|0,0,0|XYZ
13.56,-3.42,2.73|1,1,1|0,0,0|0,0,0|XYZ
-6.72,-3.93,-22.9|1,1,1|0,0,0|0,0,0|XYZ
-19.98,-4,1.89|1,1,1|0,0,0|0,0,0|XYZ
Placement:TreePine1
-6.26,-3.4,-1.68|1,1,1|0,0,0|0,0,0|XYZ
-7.51,-3.84,-4.85|1,1,1|0,0,0|0,0,0|XYZ
-6.23,-3.62,-11.34|0.949,0.949,0.949|0,59,0|0,0,0|XYZ
24.47,-3.88,19.36|1,1,1|0,0,0|0,0,0|XYZ
22.62,-3.66,25.91|1.058,1.058,1.058|0,97,0|0,0,0|XYZ
16.49,-3.62,32.65|1,1,1|0,0,0|0,0,0|XYZ
5.37,-4,-14.6|1,1,1|0,0,0|0,0,0|XYZ
16.39,-4,-17.83|1,1,1|0,0,0|0,0,0|XYZ
14.99,-4,-13.5|1.463,1.463,1.463|0,13,0|0,0,0|XYZ
0.99,-4,-30.21|1,1,1|0,0,0|0,0,0|XYZ
-5.13,-4,-28.1|1.362,1.362,1.362|0,-170,0|0,0,0|XYZ
-1.07,-3.8,27.86|1,1,1|0,0,0|0,0,0|XYZ
-4.07,-3.76,26.46|1,1,1|0,0,0|0,0,0|XYZ
Placement:TreePine2
21.36,-4,16.03|1,1,1|0,0,0|0,0,0|XYZ
17.59,-4,12.67|1,1,1|0,0,0|0,0,0|XYZ
20.76,-3.9,12.34|1.526,1.526,1.526|0,85,0|0,0,0|XYZ
9.55,-3.72,5.9|1.526,1.526,1.526|0,85,0|0,0,0|XYZ
18.58,-3.78,31.61|1.452,1.452,1.452|0,118,0|0,0,0|XYZ
16.11,-4,30.37|1,1,1|0,0,0|0,0,0|XYZ
21.46,-3.21,31.05|1,1,1|0,0,0|0,0,0|XYZ
21.31,-3.61,27.78|1.735,1.735,1.735|0,89,0|0,0,0|XYZ
26.66,-3.47,-14.56|1,1,1|0,0,0|0,0,0|XYZ
24.61,-3.73,-16.29|1.316,1.316,1.316|0,0,0|0,0,0|XYZ
2.82,-4,-28.85|1,1,1|0,0,0|0,0,0|XYZ
4.72,-4,-21.81|1.413,1.413,1.413|0,79,0|0,0,0|XYZ
-7.8,-4,-28.5|1.413,1.413,1.413|0,79,0|0,0,0|XYZ
-1.42,-4,-28.81|1,1,1|0,0,0|0,0,0|XYZ
2.87,-4,-19.69|0.805,0.805,0.805|0,127,0|0,0,0|XYZ
-26.75,-3.8,-18.58|1,1,1|0,0,0|0,0,0|XYZ
-28.24,-3.19,-22.63|1,1,1|0,0,0|0,0,0|XYZ
-25.24,-3.8,-23.65|1.304,1.304,1.304|0,0,0|0,0,0|XYZ
Placement:TreePine3
-8.01,-3.9,-9.88|1,1,1|0,97,0|0,0,0|XYZ
-12.18,-3.38,-12.42|1.045,1.045,1.045|0,97,0|0,0,0|XYZ
-10.53,-3.62,-4.79|1,1,1|0,97,0|0,0,0|XYZ
25.71,-3.71,22.04|0.596,0.596,0.596|0,177,0|0,0,0|XYZ
25.49,-3.71,19.51|0.596,0.596,0.596|0,177,0|0,0,0|XYZ
24.61,-3.69,23.7|0.771,0.771,0.771|0,54,0|0,0,0|XYZ
16.35,-3.93,-11.76|1,1,1|0,0,0|0,0,0|XYZ
20.96,-3.22,-5.58|0.759,0.759,0.759|0,-187,0|0,0,0|XYZ
